900 0 69565.0 69310.0 255 ['DONE', 'DONE']
900 1 69565.0 69310.0 255 ['DONE', 'DONE']
901 0 115045.0 115124.0 -79 ['DONE', 'DONE']
901 1 115045.0 115124.0 -79 ['DONE', 'DONE']
902 0 135951.0 136192.0 -241 ['DONE', 'DONE']
902 1 135951.0 136192.0 -241 ['DONE', 'DONE']
903 0 117990.0 116624.0 1366 ['DONE', 'DONE']
903 1 117225.0 117343.0 -118 ['DONE', 'DONE']
904 0 126469.0 126955.0 -486 ['DONE', 'DONE']
904 1 126469.0 126955.0 -486 ['DONE', 'DONE']
905 0 117913.0 117504.0 409 ['DONE', 'DONE']
905 1 117913.0 117504.0 409 ['DONE', 'DONE']
906 0 80949.0 80880.0 69 ['DONE', 'DONE']
906 1 80949.0 80880.0 69 ['DONE', 'DONE']
907 0 78934.0 78538.0 396 ['DONE', 'DONE']
907 1 78934.0 78538.0 396 ['DONE', 'DONE']
908 0 92532.0 92561.0 -29 ['DONE', 'DONE']
908 1 92532.0 92561.0 -29 ['DONE', 'DONE']
909 0 63372.0 63118.0 254 ['DONE', 'DONE']
909 1 63372.0 63118.0 254 ['DONE', 'DONE']
910 0 141930.0 140119.0 1811 ['DONE', 'DONE']
910 1 141930.0 140119.0 1811 ['DONE', 'DONE']
911 0 137343.0 137359.0 -16 ['DONE', 'DONE']
911 1 137343.0 137359.0 -16 ['DONE', 'DONE']
912 0 82660.0 83386.0 -726 ['DONE', 'DONE']
912 1 82660.0 83386.0 -726 ['DONE', 'DONE']
913 0 91086.0 90586.0 500 ['DONE', 'DONE']
913 1 91086.0 90586.0 500 ['DONE', 'DONE']
914 0 126378.0 125908.0 470 ['DONE', 'DONE']
914 1 126260.0 126026.0 234 ['DONE', 'DONE']
915 0 81919.0 81085.0 834 ['DONE', 'DONE']
915 1 81919.0 81085.0 834 ['DONE', 'DONE']
W-L-T 19-13-0 mean margin 245 n=32
