900 0 69662.0 69247.0 415 ['DONE', 'DONE']
900 1 69662.0 69247.0 415 ['DONE', 'DONE']
901 0 114930.0 114717.0 213 ['DONE', 'DONE']
901 1 114930.0 114717.0 213 ['DONE', 'DONE']
902 0 135949.0 136192.0 -243 ['DONE', 'DONE']
902 1 135949.0 136192.0 -243 ['DONE', 'DONE']
903 0 117955.0 116313.0 1642 ['DONE', 'DONE']
903 1 117276.0 117001.0 275 ['DONE', 'DONE']
904 0 126469.0 126955.0 -486 ['DONE', 'DONE']
904 1 126469.0 126955.0 -486 ['DONE', 'DONE']
905 0 117243.0 116826.0 417 ['DONE', 'DONE']
905 1 117243.0 116826.0 417 ['DONE', 'DONE']
906 0 80847.0 80736.0 111 ['DONE', 'DONE']
906 1 80847.0 80736.0 111 ['DONE', 'DONE']
907 0 78865.0 78120.0 745 ['DONE', 'DONE']
907 1 78865.0 78120.0 745 ['DONE', 'DONE']
908 0 92381.0 92558.0 -177 ['DONE', 'DONE']
908 1 92381.0 92558.0 -177 ['DONE', 'DONE']
909 0 62775.0 63057.0 -282 ['DONE', 'DONE']
909 1 62775.0 63057.0 -282 ['DONE', 'DONE']
910 0 141811.0 140084.0 1727 ['DONE', 'DONE']
910 1 141811.0 140084.0 1727 ['DONE', 'DONE']
911 0 137313.0 137372.0 -59 ['DONE', 'DONE']
911 1 137313.0 137372.0 -59 ['DONE', 'DONE']
912 0 82660.0 83386.0 -726 ['DONE', 'DONE']
912 1 82660.0 83386.0 -726 ['DONE', 'DONE']
913 0 91063.0 90586.0 477 ['DONE', 'DONE']
913 1 91063.0 90586.0 477 ['DONE', 'DONE']
914 0 125613.0 126363.0 -750 ['DONE', 'DONE']
914 1 125495.0 126481.0 -986 ['DONE', 'DONE']
915 0 81902.0 81106.0 796 ['DONE', 'DONE']
915 1 81902.0 81106.0 796 ['DONE', 'DONE']
W-L-T 18-14-0 mean margin 189 n=32
