900 0 62983.0 72050.0 -9067 ['DONE', 'DONE']
900 1 62983.0 72050.0 -9067 ['DONE', 'DONE']
901 0 108688.0 126948.0 -18260 ['DONE', 'DONE']
901 1 108688.0 126948.0 -18260 ['DONE', 'DONE']
902 0 133684.0 144386.0 -10702 ['DONE', 'DONE']
902 1 133684.0 144386.0 -10702 ['DONE', 'DONE']
903 0 113442.0 104728.0 8714 ['DONE', 'DONE']
903 1 113333.0 108317.0 5016 ['DONE', 'DONE']
904 0 125362.0 134250.0 -8888 ['DONE', 'DONE']
904 1 125362.0 134250.0 -8888 ['DONE', 'DONE']
905 0 125377.0 128449.0 -3072 ['DONE', 'DONE']
905 1 125579.0 128450.0 -2871 ['DONE', 'DONE']
906 0 76988.0 90038.0 -13050 ['DONE', 'DONE']
906 1 76988.0 90038.0 -13050 ['DONE', 'DONE']
907 0 73038.0 83146.0 -10108 ['DONE', 'DONE']
907 1 73038.0 83146.0 -10108 ['DONE', 'DONE']
908 0 87399.0 100061.0 -12662 ['DONE', 'DONE']
908 1 87399.0 100061.0 -12662 ['DONE', 'DONE']
909 0 58112.0 65549.0 -7437 ['DONE', 'DONE']
909 1 58112.0 65549.0 -7437 ['DONE', 'DONE']
910 0 155802.0 169784.0 -13982 ['DONE', 'DONE']
910 1 155802.0 169784.0 -13982 ['DONE', 'DONE']
911 0 132072.0 145192.0 -13120 ['DONE', 'DONE']
911 1 132072.0 145192.0 -13120 ['DONE', 'DONE']
912 0 76347.0 95418.0 -19071 ['DONE', 'DONE']
912 1 76347.0 95418.0 -19071 ['DONE', 'DONE']
913 0 91389.0 102493.0 -11104 ['DONE', 'DONE']
913 1 91389.0 102493.0 -11104 ['DONE', 'DONE']
914 0 129755.0 144031.0 -14276 ['DONE', 'DONE']
914 1 117194.0 136767.0 -19573 ['DONE', 'DONE']
915 0 78170.0 87867.0 -9697 ['DONE', 'DONE']
915 1 78082.0 87877.0 -9795 ['DONE', 'DONE']
W-L-T 2-30-0 mean margin -10639 n=32
