900 0 69843.0 69317.0 526 ['DONE', 'DONE']
900 1 69843.0 69317.0 526 ['DONE', 'DONE']
901 0 115276.0 114092.0 1184 ['DONE', 'DONE']
901 1 115276.0 114092.0 1184 ['DONE', 'DONE']
902 0 135970.0 136030.0 -60 ['DONE', 'DONE']
902 1 135970.0 136030.0 -60 ['DONE', 'DONE']
903 0 118223.0 116021.0 2202 ['DONE', 'DONE']
903 1 117501.0 116656.0 845 ['DONE', 'DONE']
904 0 126628.0 126364.0 264 ['DONE', 'DONE']
904 1 126628.0 126364.0 264 ['DONE', 'DONE']
905 0 118079.0 117138.0 941 ['DONE', 'DONE']
905 1 118079.0 117138.0 941 ['DONE', 'DONE']
906 0 80999.0 80279.0 720 ['DONE', 'DONE']
906 1 80999.0 80279.0 720 ['DONE', 'DONE']
907 0 78744.0 78432.0 312 ['DONE', 'DONE']
907 1 78744.0 78432.0 312 ['DONE', 'DONE']
908 0 92341.0 92373.0 -32 ['DONE', 'DONE']
908 1 92341.0 92373.0 -32 ['DONE', 'DONE']
909 0 63133.0 62990.0 143 ['DONE', 'DONE']
909 1 63133.0 62990.0 143 ['DONE', 'DONE']
910 0 141845.0 140211.0 1634 ['DONE', 'DONE']
910 1 141845.0 140211.0 1634 ['DONE', 'DONE']
911 0 137874.0 136889.0 985 ['DONE', 'DONE']
911 1 137874.0 136889.0 985 ['DONE', 'DONE']
912 0 82991.0 82410.0 581 ['DONE', 'DONE']
912 1 82991.0 82410.0 581 ['DONE', 'DONE']
913 0 91135.0 90535.0 600 ['DONE', 'DONE']
913 1 91135.0 90535.0 600 ['DONE', 'DONE']
914 0 126655.0 125194.0 1461 ['DONE', 'DONE']
914 1 126537.0 125312.0 1225 ['DONE', 'DONE']
915 0 81274.0 80585.0 689 ['DONE', 'DONE']
915 1 81274.0 80585.0 689 ['DONE', 'DONE']
W-L-T 28-4-0 mean margin 710 n=32
